01 192.9 -748.4 534.9 2.28 0.296 -0.367
02 323.5 -801.2 534.9 2.29 0.398 -0.587
03 270.3 -761.5 501.2 2.27 0.392 -0.589
04 171.3 -701.3 500.5 2.21 0.213 -0.225
05 86.8 -680.5 464.2 2.154 0.124 -0.054
06 9.1 -669.97 453.5 2.139 0.161 0.076
07 -25.15 -698.5 452.2 2.151 0.215 0.149
08 -94.58 -667.35 481.8 2.080 0.237 0.218
09 -116.72 -778.42 504.6 2.199 0.424 0.263
10 -209.6 -755.03 481.1 2.051 0.558 0.375
11 -157.7 -897.79 535.95 2.282 0.573 0.372
12 -118.4 -955.04 649.15 2.487 0.568 0.271
13 -87.13 -987.13 744.99 2.603 0.509 0.263
14 -137.5 -999.27 744 2.529 0.834 0.269
15 -53.9 -999.87 744 2.508 0.935 0.133
16 3.13 -968.05 744 2.495 1.007 0.002
17 52.9 -943.7 720 2.4 1.21 -0.220
18 117.33 -893.5 684.4 2.295 1.259 -0.537
19 182.92 -885.8 719.07 2.314 1.485 -0.674
20 107.9 -834.45 719.07 2.112 1.434 -0.563
